#Version 9
#17:07:21 03/06/17

PDF set: CT14NNLO
Type:  1     2     3     4     5     6     7
Flag:  1     1     0     0     0     0     0

Expt. ID:   701   702   703   159   101   102   103   104   106   108   109   110   111   124   125   126   127   147   201   203   204   225   227   231   234   260   261   504   514   145   169   267   268   535   240   241   281   265   266   538
Expt. Flag:  0     1     0     0     0     0     0     0     0     0     0     0     0     0     0     0     0     0     0     0     0     0     0     0     0     0     0     0     0     0     0     0     0     0     0     0     0     0     0     0

Type:  bb   cb   sb     db    ub     g     u     d     s     c     b   user
Flag:  0     0     0     0     0     1     0     0     0     0     0     0

Name: sigma_Higgs (pb)
Values: 0.012   0.012   0.012   0.012   0.012   0.012   0.012   0.012   0.012   0.012   0.012   0.012   0.012   0.012   0.012   0.012   0.012   0.012   0.012   0.012   0.012   0.012   0.012   0.012   0.012   0.012   0.012   0.012   0.012   0.012   0.012   0.012   0.012   0.012   0.012   0.012   0.012   0.012   0.012   0.012   0.012   0.012   0.012   0.012   0.012   0.012   0.012   0.012   0.012   0.012   0.012   0.012   0.012   0.012   0.012   0.012   0.012   

xmin,   xmax:  0.000010   1.000000
mumin, mumax:      1.000000 2000.000000

Number of bins: auto
xmin, xmax: -3.000000  3.000000
ymin, ymax:  0.000000 10.000000
