#Version 15
#14:24:23 04/03/17

Job ID (copy from the counter file): 0000000000000000000000000000000007003133334413333341333335333133333061333336133333
PDF set: CT14NNLO

Type:  1     2     3     4     5     6     7
Flag:  0     0     0     0     0     00

Expt. ID:   701   702   703   159   101   102   103   104   106   108   109   110   111   124   125   126   127   147   201   203   204   225   227   231   234   260   261   504   514   145   169   267   268   535   240   241   281   265   266   538
Expt. Flag:  0     0     0     0     0     0     0     0     0     0     0     0     0     0     0     0     0     0     0     0     0     0     0     0     0     0     0     0     0     0     0     0     0     0     0     0     0     0     0     0     0     0     0     0     0     0     0     0     0     0     0     0     0     0     0     0     0     0     0     0     0     0     0     0     0     0     0     0     0     0     0     0     0     0     0     0     0     0     0     0     0     0     0     0     0     0     0     0     0     0     0     0     0     0     0     0     0     0     0     0     0     0     0     0     0     0     0     0     0     0     0

Type:  bb   cb   sb     db    ub     g     u     d     s     c     b   user
Flag:  0     0     0     0     0     0     0     0     0     0     0     0     0     0     0     

Name: <mdl.Text instance at 0x7f6c0ac55cb0>Values: <mdl.Text instance at 0x7f6c0ac55cf8>

